k,Player,WAR/pos,From,To,Age,G,PA,AB,R,H,2B,3B,HR,RBI,BB,IBB,SO,HBP,SH,SF,GDP,SB,CS,BA,OBP,SLG,OPS,Pos,Tm
201,Alcides Escobar\escobal02,9.3,2011,2018,24-31,1245,5012,4672,526,1208,207,43,36,390,191,10,687,41,79,29,102,160,38,.259,.292,.344,.636,*6/58H4,KCR
202,Jimmy Rollins\rolliji01,9.3,2011,2016,32-37,781,3334,3003,428,741,145,17,77,274,303,15,467,5,9,14,50,127,35,.247,.315,.383,.699,*6/HD,PHI-LAD-CHW
203,Paul DeJong\dejonpa01,9.2,2017,2019,23-25,289,1216,1099,168,290,69,3,55,163,88,3,298,21,0,7,21,6,1,.264,.328,.482,.811,*6/4H,STL
204,Max Kepler\keplema01,9.1,2015,2019,22-26,479,1899,1678,244,398,98,8,72,233,188,7,346,16,2,15,17,17,11,.237,.317,.434,.751,*9/8HD3,MIN
205,Darwin Barney\barneda01,9.1,2011,2017,25-31,784,2674,2457,285,606,113,15,31,199,149,11,337,24,25,16,69,29,9,.247,.294,.343,.637,*4/5H67D1,CHC-LAD-TOR
206,Lonnie Chisenhall\chiselo01,9.0,2011,2018,22-29,688,2360,2159,261,578,132,10,64,296,150,12,437,21,15,14,33,20,5,.268,.320,.427,.747,59/HD837,CLE
207,Juan Uribe\uribeju01,8.9,2011,2016,32-37,570,1960,1804,178,454,92,2,48,217,124,11,384,16,4,12,63,9,2,.252,.304,.385,.688,*5/H463D,LAD-NYM-ATL-CLE
208,Jonathan Villar\villajo01,8.8,2013,2019,22-28,685,2577,2310,308,591,116,11,61,221,224,7,692,11,22,10,40,174,49,.256,.323,.395,.718,64/H5D87,HOU-MIL-BAL
209,Trevor Plouffe\plouftr01,8.8,2011,2018,25-32,808,3190,2892,357,704,154,10,104,373,246,5,662,25,5,22,89,12,11,.243,.306,.411,.718,*5/36DH947,MIN-TBR-OAK-PHI
210,Seth Smith\smithse01,8.8,2011,2017,28-34,909,3168,2773,392,715,178,21,90,336,335,29,639,34,1,24,65,15,5,.258,.342,.435,.777,97HD,COL-OAK-SDP-SEA-BAL
211,Jayson Werth\werthja01,8.8,2011,2017,32-38,808,3427,2965,450,781,162,7,109,393,403,14,723,33,0,26,60,55,12,.263,.355,.433,.788,*97/8HD,WSN
212,Cesar Hernandez\hernace02,8.7,2013,2019,23-29,738,2891,2553,359,702,97,27,38,211,300,12,554,17,11,10,40,75,34,.275,.354,.379,.733,*4/H586D,PHI
213,Matt Duffy\duffyma01,8.7,2014,2018,23-27,406,1602,1469,182,419,66,9,21,157,101,1,256,18,6,8,48,32,12,.285,.337,.385,.722,*5/H64D3,SFG-TBR
214,A.J. Ellis\ellisaj01,8.7,2011,2018,30-37,616,2162,1827,187,435,77,3,44,212,266,21,393,27,25,17,62,2,4,.238,.341,.356,.696,*2/H7D,LAD-PHI-MIA-SDP
215,Derek Norris\norride01,8.7,2012,2017,23-28,610,2195,1967,242,453,98,4,63,247,195,10,541,19,2,12,42,26,6,.230,.304,.380,.684,*2/H3D,OAK-SDP-TBR
216,Yonder Alonso\alonsyo01,8.5,2011,2019,24-32,989,3642,3243,377,844,172,2,97,412,355,28,619,15,1,28,85,22,8,.260,.333,.404,.738,*3/HD754,CIN-SDP-OAK-SEA-CLE-CHW
217,Billy Hamilton\hamilbi02,8.5,2013,2019,22-28,748,2941,2672,389,652,93,36,21,167,211,0,601,4,38,16,18,289,67,.244,.299,.329,.628,*8/H9D,CIN-KCR
218,Andrew Benintendi\beninan01,8.4,2016,2019,21-24,395,1726,1505,238,420,93,11,45,221,183,9,310,13,6,19,27,49,10,.279,.358,.445,.803,*7/8HD,BOS
219,Jorge Polanco\polanjo01,8.4,2014,2019,20-25,352,1457,1311,170,374,84,16,33,183,112,2,231,9,12,13,18,27,18,.285,.343,.449,.792,*6/H5D4,MIN
220,John Jaso\jasojo01,8.4,2011,2017,27-33,694,2177,1875,236,482,125,9,50,237,260,5,371,26,4,12,43,12,10,.257,.353,.413,.767,2HD3/97,TBR-SEA-OAK-PIT
221,Joey Gallo\gallojo01,8.3,2015,2019,21-25,396,1476,1252,226,267,56,6,105,228,211,12,555,12,0,1,6,17,6,.213,.332,.519,.851,7/358HD9,TEX
222,Matt Olson\olsonma02,8.3,2016,2019,22-25,268,1051,918,141,224,42,0,64,150,115,5,269,16,0,2,21,2,1,.244,.338,.499,.837,*3/9H,OAK
223,Evan Gattis\gattiev01,8.3,2013,2018,26-31,706,2662,2443,299,605,116,12,139,410,167,18,575,26,0,26,67,3,3,.248,.300,.476,.775,D2/H73,ATL-HOU
224,Chris Young\youngch04,8.3,2011,2018,27-34,837,2750,2429,340,560,152,10,93,294,276,11,596,23,6,16,32,60,23,.231,.313,.416,.729,879H/D,ARI-OAK-NYM-NYY-BOS-LAA
225,Alex Rodriguez\rodrial01,8.3,2011,2016,35-40,481,2001,1740,264,443,74,2,83,255,219,10,451,24,0,18,52,28,4,.255,.343,.443,.785,*D5/H3,NYY
226,Tyler Flowers\flowety01,8.2,2011,2019,25-33,715,2489,2210,234,531,97,4,79,274,195,4,745,67,4,13,49,2,6,.240,.319,.395,.714,*2/H3D,CHW-ATL
227,Miguel Rojas\rojasmi02,8.2,2014,2019,25-30,575,1609,1462,159,376,63,3,15,137,103,13,202,18,12,13,57,15,9,.257,.311,.335,.647,*6/53H47,LAD-MIA
228,Victor Martinez\martivi01,8.2,2011,2018,32-39,969,3942,3558,405,1033,188,0,115,540,319,67,409,25,0,40,131,4,4,.290,.349,.440,.789,*D/3H2,DET
229,Lucas Duda\dudalu01,8.1,2011,2019,25-33,908,3426,2955,372,714,162,4,150,450,386,33,838,59,1,25,48,6,7,.242,.338,.451,.790,*39/H7D,NYM-TBR-ATL-KCR
230,Stephen Piscotty\piscost01,8.1,2015,2019,24-28,539,2199,1962,267,521,120,9,73,280,189,4,454,31,2,14,59,16,12,.266,.337,.448,.785,*9/7H38D,STL-OAK
231,Dustin Ackley\ackledu01,8.1,2011,2016,23-28,635,2347,2125,261,512,94,18,46,216,194,10,419,5,11,12,25,31,12,.241,.304,.367,.671,47/8H3D9,SEA-NYY
232,Will Venable\venabwi01,8.1,2011,2016,28-33,713,2253,2041,264,507,89,28,54,208,171,15,510,19,13,9,24,99,22,.248,.311,.399,.710,*98H/7,SDP-TEX-LAD
233,Enrique Hernandez\hernaen02,8.0,2014,2019,22-27,575,1642,1455,201,346,73,11,59,176,162,9,345,6,6,13,15,8,2,.238,.314,.425,.739,8H47/6953D1,MIA-HOU-LAD
234,Daniel Nava\navada01,8.0,2012,2017,29-34,529,1789,1540,201,413,89,1,28,180,177,4,341,47,7,18,28,9,4,.268,.357,.382,.739,*79/H3D8,BOS-TBR-LAA-KCR-PHI
235,Tim Anderson\anderti01,7.9,2016,2019,23-26,458,1880,1791,240,475,86,13,56,182,63,2,474,11,10,5,48,66,14,.265,.294,.422,.715,*6/HD,CHW
236,Justin Smoak\smoakju01,7.9,2011,2019,24-32,1090,3978,3482,426,816,165,2,168,480,459,14,929,21,0,16,90,2,3,.234,.326,.428,.753,*3/HD,SEA-TOR
237,Adam Lind\lindad01,7.9,2011,2017,27-33,848,3037,2745,348,750,143,5,120,443,260,32,555,6,0,26,77,3,2,.273,.335,.460,.795,*3DH/7,TOR-MIL-SEA-WSN
238,Nick Ahmed\ahmedni01,7.8,2014,2019,24-29,523,1853,1698,202,398,88,14,40,175,118,10,349,9,11,17,43,21,16,.234,.285,.373,.658,*6/H4,ARI
239,Peter Bourjos\bourjpe01,7.7,2011,2019,24-32,824,2141,1935,265,465,85,33,37,155,128,7,522,34,34,10,33,58,29,.240,.298,.376,.673,*8H9/7D4,LAA-STL-PHI-TBR-ATL
240,Luis Valbuena\valbulu01,7.6,2011,2018,25-32,799,2809,2456,297,553,127,6,102,311,316,16,633,15,5,17,44,8,11,.225,.315,.406,.722,*53/H4D76,CLE-CHC-HOU-LAA
241,Mitch Moreland\morelmi01,7.5,2011,2019,25-33,1046,3798,3414,434,854,187,7,151,510,314,27,812,30,6,34,85,8,4,.250,.316,.442,.758,*3H/D971,TEX-BOS
242,Jordy Mercer\mercejo03,7.4,2012,2019,25-32,840,3065,2773,294,706,154,15,56,280,227,56,509,26,22,17,67,13,11,.255,.315,.382,.697,*6/H4539,PIT-DET
243,Mark Ellis\ellisma01,7.4,2011,2014,34-37,441,1665,1506,178,375,64,4,20,132,102,5,257,27,21,9,18,27,7,.249,.307,.337,.643,*4/H35,COL-OAK-LAD-STL
244,Joe Panik\panikjo01,7.3,2014,2019,23-28,599,2452,2200,278,603,112,17,36,213,198,12,233,19,11,24,48,19,7,.274,.336,.390,.725,*4/H3,SFG
245,Chris Denorfia\denorch01,7.3,2011,2015,30-34,609,1831,1670,215,452,76,15,29,141,137,4,311,5,8,11,45,44,15,.271,.326,.386,.712,*97H/8D1,SDP-SEA-CHC
246,Nick Swisher\swishni01,7.3,2011,2015,30-34,616,2554,2191,277,536,122,2,83,308,320,12,569,16,3,24,54,5,5,.245,.342,.416,.758,93/D7H,NYY-CLE-ATL
247,Kendrys Morales\moralke01,7.2,2012,2019,29-36,1033,4117,3720,429,966,187,4,156,548,332,23,774,39,0,26,131,2,4,.260,.325,.438,.763,*D3/H915,LAA-SEA-MIN-KCR-TOR-OAK-NYY
248,Yolmer Sanchez\sanchca01,7.2,2014,2019,22-27,556,2086,1904,205,462,96,20,30,185,131,2,442,21,19,11,33,27,22,.243,.297,.361,.658,*45/H6D9,CHW
249,Omar Infante\infanom01,7.2,2011,2016,29-34,713,2883,2688,283,718,131,29,37,274,126,5,336,5,34,30,47,37,12,.267,.298,.379,.677,*4/H5,FLA-MIA-DET-KCR
250,Mike Zunino\zuninmi01,7.1,2013,2019,22-28,622,2217,2007,219,413,93,3,98,258,144,1,750,47,8,11,40,2,4,.206,.273,.402,.675,*2/HD,SEA-TBR
251,Ben Revere\reverbe01,7.1,2011,2017,23-29,844,3313,3110,399,887,88,37,7,196,149,3,303,14,28,12,60,211,52,.285,.320,.344,.664,*879/HD,MIN-PHI-TOR-WSN-LAA
252,Josh Willingham\willijo03,7.1,2011,2014,32-35,484,2013,1693,244,400,86,2,92,296,251,12,521,48,0,21,35,10,3,.236,.347,.452,.800,*7D/H9,OAK-MIN-KCR
253,Stephen Vogt\vogtst01,7.0,2012,2019,27-34,547,1882,1710,188,429,89,9,58,223,146,13,327,7,3,16,21,1,5,.251,.310,.415,.725,*2/H3D97,TBR-OAK-MIL-SFG
254,Danny Espinosa\espinda01,6.8,2011,2017,24-30,844,3155,2807,351,622,135,11,92,301,233,31,913,78,20,17,35,64,22,.222,.298,.376,.673,*46/H537D,WSN-TBR-SEA-LAA
255,Brendan Ryan\ryanbr01,6.8,2011,2016,29-34,481,1554,1385,139,292,60,8,10,108,110,1,324,21,24,14,25,28,12,.211,.276,.287,.564,*6/4H53D971,SEA-NYY-LAA
256,Melvin Upton Jr.\uptonbj01,6.8,2011,2016,26-31,802,3068,2740,345,627,116,19,97,298,275,14,871,11,13,25,49,135,41,.229,.299,.391,.690,*87/HD9,TBR-ATL-SDP-TOR
257,Avisail Garcia\garciav01,6.7,2012,2019,21-28,695,2747,2533,338,693,99,15,87,331,165,14,640,33,0,16,65,32,23,.274,.324,.428,.752,*9D/8H7,DET-CHW-TBR
258,Brock Holt\holtbr01,6.7,2012,2019,24-31,570,2061,1833,253,490,96,15,20,182,178,2,393,19,15,16,30,34,14,.267,.336,.369,.705,457/9H638D,PIT-BOS
259,Max Muncy\muncyma01,6.7,2015,2019,24-28,300,992,837,144,209,37,4,56,138,144,8,254,5,0,6,7,6,1,.250,.361,.504,.865,3/5H497D,OAK-LAD
260,Angel Pagan\paganan01,6.7,2011,2016,29-34,706,3003,2753,389,764,144,32,38,261,214,11,407,3,7,23,39,113,32,.278,.328,.394,.722,*87/HD,NYM-SFG
261,Michael Cuddyer\cuddymi01,6.7,2011,2015,32-36,536,2131,1945,273,566,123,9,76,284,164,9,391,10,0,12,61,34,7,.291,.347,.481,.828,*93/7H4D51,MIN-COL-NYM
262,Ronald Acuna Jr.\acunaro01,6.6,2018,2019,20-21,179,794,703,120,204,35,5,41,109,74,4,199,11,0,3,8,25,8,.290,.365,.529,.895,*7/89HD,ATL
263,Derek Dietrich\dietrde01,6.6,2013,2019,23-29,670,2311,2032,295,514,102,20,77,241,161,13,520,101,2,15,22,6,4,.253,.336,.437,.773,475H/3D9,MIA-CIN
264,Devon Travis\travide01,6.6,2015,2018,24-27,316,1246,1169,155,320,78,4,35,153,61,1,232,9,2,4,23,14,6,.274,.314,.437,.751,*4/HD,TOR
265,Alejandro De Aza\deazaal01,6.6,2011,2017,27-33,752,2661,2381,340,622,119,31,51,245,213,12,576,32,20,15,30,87,43,.261,.328,.402,.730,78H/9D,CHW-BAL-SFG-BOS-NYM-WSN
266,Marco Scutaro\scutama01,6.6,2011,2014,35-38,401,1688,1514,204,454,81,8,16,159,124,1,122,7,27,16,38,15,6,.300,.352,.396,.748,*46/5HD,BOS-SFG-COL
267,C.J. Cron\croncj01,6.5,2014,2019,24-29,608,2281,2089,255,546,110,6,104,332,128,5,511,41,0,18,45,9,8,.261,.314,.469,.783,*3D/H,LAA-TBR-MIN
268,Jake Lamb\lambja01,6.5,2014,2019,23-28,505,2008,1757,258,434,89,19,75,274,222,22,511,12,0,17,41,17,10,.247,.333,.447,.780,*5/H3D,ARI
269,Brad Miller\millebr02,6.4,2013,2019,23-29,693,2545,2263,273,542,106,25,76,272,241,7,599,10,9,20,25,34,16,.240,.313,.409,.722,*64/3HD8759,SEA-TBR-MIL-CLE
270,Ozzie Albies\albieoz01,6.3,2017,2019,20-22,284,1231,1128,180,304,62,13,40,132,84,3,198,10,2,7,13,27,6,.270,.324,.454,.778,*4/H,ATL
271,Cliff Pennington\pennicl01,6.3,2011,2018,27-34,719,2220,1984,219,469,78,10,26,166,184,8,459,9,27,16,27,44,17,.236,.302,.325,.627,*64H/57D31,OAK-ARI-TOR-LAA-CIN
272,Clint Barmes\barmecl01,6.3,2011,2015,32-36,521,1658,1514,142,350,77,2,28,130,91,12,337,25,22,6,25,4,5,.231,.285,.340,.625,*6/H435,HOU-PIT-SDP
273,Yangervis Solarte\solarya01,6.2,2014,2019,26-31,670,2645,2407,282,620,124,6,75,307,189,8,326,23,7,19,78,6,5,.258,.315,.408,.723,*54/H637D,SDP-NYY-TOR-SFG
274,Adam LaRoche\larocad01,6.2,2011,2015,31-35,616,2484,2156,275,519,98,4,94,313,295,26,547,9,0,24,48,9,2,.241,.331,.421,.752,*3/DH1,WSN-CHW
275,Adam Frazier\fraziad01,6.1,2016,2019,24-27,362,1230,1111,162,307,63,12,21,115,94,7,169,16,4,5,13,16,11,.276,.340,.411,.751,4/H7985D6,PIT
276,Jung Ho Kang\kangju01,6.1,2015,2019,28-32,269,956,849,112,219,46,2,41,130,73,1,214,31,0,3,23,8,5,.258,.338,.462,.800,*5/6HD,PIT
277,Kelly Johnson\johnske05,6.1,2011,2016,29-34,755,2566,2297,269,535,97,13,84,273,234,11,638,16,6,11,32,45,15,.233,.307,.396,.703,*4H57/3D96,ARI-TOR-TBR-NYY-BOS-BAL-NYM-ATL
278,Gregory Polanco\polangr01,5.9,2014,2019,22-27,664,2659,2385,348,601,137,17,78,304,238,23,523,8,4,18,39,81,25,.252,.320,.422,.742,*9/7H8D,PIT
279,Mallex Smith\smithma05,5.9,2016,2019,23-26,345,1258,1121,154,300,48,21,10,90,108,0,267,12,12,5,18,90,26,.268,.337,.375,.712,*8/79HD,ATL-TBR-SEA
280,Pedro Alvarez\alvarpe01,5.9,2011,2018,24-31,815,2935,2633,323,615,110,5,146,408,277,30,833,11,1,13,63,15,3,.234,.308,.445,.753,*5D3/H,PIT-BAL
281,Adam Duvall\duvalad01,5.9,2014,2018,25-29,500,1831,1660,225,382,92,9,87,277,126,6,497,24,0,20,27,13,10,.230,.291,.454,.744,*7/H395D,SFG-CIN-ATL
282,Matt Adams\adamsma01,5.8,2012,2019,23-30,752,2310,2140,263,568,120,6,102,351,144,15,540,10,0,16,40,4,4,.265,.313,.470,.783,*3H/7D9,STL-ATL-WSN
283,Rougned Odor\odorro01,5.8,2014,2019,20-25,729,2927,2699,366,655,121,25,113,365,153,10,642,43,11,21,37,58,44,.243,.292,.432,.723,*4/HD,TEX
284,Aaron Hill\hillaa01,5.8,2011,2017,29-35,788,3004,2716,338,709,152,14,72,331,227,12,424,25,3,30,64,51,23,.261,.321,.407,.727,*45/H7D,ARI-TOR-MIL-BOS-SFG
285,Brandon Moss\mossbr01,5.8,2011,2017,27-33,772,2778,2461,345,582,121,9,145,395,268,19,802,31,0,18,43,9,4,.236,.317,.470,.787,397DH/85,PHI-OAK-STL-CLE-KCR
286,Justin Morneau\morneju01,5.8,2011,2016,30-35,597,2443,2214,241,608,134,9,66,306,177,20,393,24,0,28,53,1,3,.275,.331,.433,.764,*3D/H,MIN-PIT-COL-CHW
287,Yoan Moncada\moncayo01,5.7,2016,2019,21-24,274,1175,1047,145,260,54,10,37,123,116,1,379,6,3,3,5,20,11,.248,.326,.425,.751,*4/5HD,BOS-CHW
288,Steven Souza Jr.\souzast01,5.7,2014,2018,25-29,471,1809,1590,218,371,68,7,70,198,192,2,564,20,3,4,26,41,17,.233,.323,.417,.740,*9/HD87,WSN-TBR-ARI
289,Billy Butler\butlebi03,5.7,2011,2016,25-30,881,3498,3130,355,889,181,2,92,450,313,43,547,25,0,30,124,4,2,.284,.351,.431,.782,*D3/H,KCR-OAK-NYY
290,Brian Anderson\anderbr06,5.6,2017,2019,24-26,246,1046,922,119,244,53,5,18,101,98,3,221,21,0,5,24,6,5,.265,.347,.392,.739,*59/H,MIA
291,Eric Sogard\sogarer01,5.6,2011,2019,25-33,620,1903,1698,205,409,78,9,17,141,162,6,254,15,19,9,34,39,13,.241,.311,.327,.638,*46/H5D7,OAK-MIL-TOR
292,Gregor Blanco\blancgr01,5.6,2012,2018,28-34,807,2513,2219,306,563,95,30,24,182,256,18,503,9,17,11,26,96,31,.254,.332,.356,.688,78H9/D,SFG-ARI
293,Michael Saunders\saundmi01,5.6,2011,2017,24-30,629,2291,2044,282,482,111,14,71,226,214,10,587,8,10,15,32,45,19,.236,.309,.408,.717,897/HD,SEA-TOR-PHI
294,Tim Beckham\beckhti01,5.5,2013,2019,23-29,441,1637,1509,189,377,68,14,59,184,103,0,469,13,4,8,31,13,12,.250,.302,.431,.733,*6/45HD37,TBR-BAL-SEA
295,Miguel Sano\sanomi01,5.5,2015,2019,22-26,400,1695,1479,226,361,75,4,90,248,201,7,615,6,0,9,31,2,1,.244,.335,.483,.818,*5D/93H,MIN
296,Harrison Bader\baderha01,5.4,2017,2019,23-25,224,691,607,91,155,31,4,21,66,57,8,197,18,3,6,3,20,7,.255,.334,.423,.758,*8/H97,STL
297,Freddy Galvis\galvifr01,5.4,2012,2019,22-29,867,3349,3107,326,761,136,25,74,327,186,14,660,13,24,19,64,53,19,.245,.289,.376,.665,*6/4H578,PHI-SDP-TOR
298,Martin Maldonado\maldoma01,5.4,2011,2019,24-32,665,2158,1935,185,422,78,3,53,201,146,15,523,48,23,6,47,2,5,.218,.289,.344,.632,*2/H31,MIL-LAA-HOU-KCR
299,Hunter Renfroe\renfrhu01,5.4,2016,2019,24-27,312,1162,1074,138,262,61,3,74,175,72,4,311,9,0,7,17,8,1,.244,.295,.513,.808,*9/7HD,SDP
300,Stephen Drew\drewst01,5.4,2011,2017,28-34,621,2181,1942,233,440,111,17,58,248,209,9,472,5,5,20,27,12,10,.227,.301,.391,.691,*64/H5D,ARI-OAK-BOS-NYY-WSN
301,Ryan Hanigan\hanigry01,5.4,2011,2017,30-36,484,1624,1410,133,339,51,0,20,152,174,27,227,20,11,8,38,1,1,.240,.331,.319,.650,*2/HD,CIN-TBR-BOS-COL
302,James Loney\loneyja01,5.4,2011,2016,27-32,819,3050,2818,261,791,142,2,53,316,194,30,346,11,6,21,87,13,8,.281,.327,.389,.716,*3/HD,LAD-BOS-TBR-NYM
303,Carlos Quentin\quentca01,5.4,2011,2014,28-31,336,1298,1111,148,280,79,0,57,185,118,2,213,53,0,16,25,1,2,.252,.347,.477,.825,*79/HD,CHW-SDP
304,Kevin Youkilis\youklke01,5.4,2011,2013,32-34,270,1144,974,152,237,54,4,38,148,127,6,239,36,0,7,28,3,0,.243,.350,.424,.774,*5/3DH,BOS-CHW-NYY
305,Nick Hundley\hundlni01,5.3,2011,2019,27-35,751,2561,2370,242,590,129,15,72,279,155,17,616,15,7,14,58,10,12,.249,.298,.407,.705,*2/HD,SDP-BAL-COL-SFG-OAK
306,Brandon Nimmo\nimmobr01,5.3,2016,2019,23-26,284,991,813,135,206,47,9,26,88,145,4,268,28,2,3,12,12,6,.253,.383,.429,.812,7/89HD,NYM
307,Alberto Callaspo\callaal01,5.3,2011,2015,28-32,639,2284,2019,218,513,85,0,31,211,235,13,238,3,7,20,53,12,7,.254,.330,.342,.672,*5/H4D3,LAA-OAK-LAD-ATL
308,Chipper Jones\jonesch06,5.3,2011,2012,39-40,238,960,842,114,236,56,1,32,132,108,16,131,1,0,9,25,3,2,.280,.359,.463,.823,*5/HD,ATL
309,Rajai Davis\davisra01,5.2,2011,2019,30-38,947,3133,2893,441,733,152,29,50,254,180,4,622,30,13,17,55,272,69,.253,.302,.378,.680,78H/9D,TOR-DET-CLE-OAK-BOS-NYM
310,A.J. Pierzynski\pierza.01,5.2,2011,2016,34-39,694,2606,2438,232,664,122,8,68,304,101,18,307,37,4,26,86,2,4,.272,.308,.413,.721,*2/HD,CHW-TEX-STL-BOS-ATL
311,Allen Craig\craigal01,5.2,2011,2015,26-30,490,1889,1717,227,478,100,3,55,278,134,3,368,21,1,16,50,11,2,.278,.335,.436,.772,39/7HD485,STL-BOS
312,Nicholas Castellanos\casteni01,5.1,2013,2019,21-27,800,3260,2999,346,818,192,32,100,411,213,11,761,20,0,28,56,10,13,.273,.322,.458,.781,*59/DH7,DET
313,Brandon Guyer\guyerbr01,5.1,2011,2018,25-32,517,1487,1291,184,323,72,5,32,137,91,1,269,85,15,5,24,22,8,.250,.339,.388,.727,79H/8D1,TBR-CLE
314,David DeJesus\dejesda01,5.1,2011,2015,31-35,596,2117,1865,239,463,101,20,38,183,196,4,349,37,8,11,41,19,19,.248,.330,.385,.715,987/HD,OAK-CHC-WSN-TBR-LAA
315,Josh Bell\belljo02,5.0,2016,2019,23-26,419,1648,1437,216,389,90,12,60,232,194,11,301,2,0,15,36,4,11,.271,.355,.475,.830,*3/H9D,PIT
316,Delino DeShields\deshide02,5.0,2015,2019,22-26,465,1681,1441,263,350,63,14,15,106,177,1,377,13,39,11,8,93,25,.243,.329,.337,.666,*87/HD4,TEX
317,Adeiny Hechavarria\hechaad01,5.0,2012,2019,23-30,838,3083,2885,281,733,105,35,32,252,148,20,506,6,19,24,85,34,19,.254,.290,.348,.638,*6/45H,TOR-MIA-TBR-PIT-NYY-NYM
318,Nick Punto\puntoni01,5.0,2011,2014,33-36,339,916,785,96,188,37,6,6,65,108,3,186,0,17,6,17,13,5,.239,.329,.325,.654,4/H653D9,STL-LAD-BOS-OAK
319,Aledmys Diaz\diazal02,4.9,2016,2019,25-28,352,1322,1210,174,334,76,4,47,162,84,9,177,10,3,15,33,11,9,.276,.324,.462,.786,*6/5H437D,STL-TOR-HOU
320,Zack Greinke\greinza01,4.9,2011,2019,27-35,236,552,476,47,108,25,1,7,29,26,0,103,2,44,4,5,9,0,.227,.268,.328,.595,*1/H,MIL-LAA-LAD-ARI
321,Robbie Grossman\grossro01,4.9,2013,2019,23-29,594,2285,1960,266,501,109,6,40,211,291,2,487,11,12,11,24,25,17,.256,.353,.379,.732,*79D/H8,HOU-MIN-OAK
322,Jarrod Saltalamacchia\saltaja01,4.9,2011,2018,26-33,645,2292,2039,275,460,120,5,87,286,226,9,733,8,1,18,36,5,3,.226,.303,.417,.720,*2/HD3,BOS-MIA-ARI-DET-TOR
323,James McCann\mccanja02,4.8,2014,2019,24-29,497,1832,1697,161,420,71,8,44,192,103,1,443,17,6,9,50,5,5,.247,.296,.377,.672,*2/DH,DET-CHW
324,Sean Rodriguez\rodrise01,4.8,2011,2019,26-34,851,2210,1948,251,437,95,11,64,236,172,7,581,50,27,13,41,25,15,.224,.302,.383,.685,3H4657/9D8,TBR-PIT-ATL-PHI
325,Gleyber Torres\torregl01,4.8,2018,2019,21-22,185,744,667,90,184,29,1,38,110,61,5,183,6,2,8,13,9,3,.276,.338,.493,.832,*4/6H,NYY
326,Ichiro Suzuki\suzukic01,4.7,2011,2019,37-45,1065,3395,3155,373,845,104,25,27,222,190,26,397,8,23,19,46,126,29,.268,.309,.342,.652,*9H7/8D1,SEA-NYY-MIA
327,Sam Fuld\fuldsa01,4.7,2011,2015,29-33,500,1380,1223,154,275,53,17,11,107,130,3,209,5,16,6,17,65,19,.225,.301,.323,.624,78/H9D1,TBR-OAK-MIN
328,Tucker Barnhart\barnhtu01,4.6,2014,2019,23-28,529,1867,1648,152,411,81,6,33,178,182,30,336,9,15,13,49,5,5,.249,.325,.366,.691,*2/H39,CIN
329,Jeff McNeil\mcneije01,4.6,2018,2019,26-27,117,471,424,60,141,26,7,6,39,30,3,49,13,4,0,4,7,5,.333,.394,.469,.863,/*475H9,NYM
330,Joey Wendle\wendljo01,4.6,2016,2019,26-29,183,688,618,76,178,36,6,9,79,44,5,121,12,2,12,14,18,4,.288,.341,.409,.750,*4/5H769,OAK-TBR
331,Geovany Soto\sotoge01,4.6,2011,2017,28-34,419,1450,1295,155,290,66,1,54,165,132,4,373,11,7,5,37,2,3,.224,.300,.402,.702,*2/HD53,CHC-TEX-OAK-CHW-LAA
332,Justin Bour\bourju01,4.5,2014,2019,26-31,538,1896,1665,199,424,69,2,89,294,214,26,428,6,0,11,52,3,0,.255,.340,.459,.799,*3/HD,MIA-PHI-LAA
333,Dioner Navarro\navardi01,4.5,2011,2016,27-32,471,1587,1441,133,363,58,4,43,187,117,8,259,6,6,17,25,4,3,.252,.307,.387,.695,*2/HD,LAD-CIN-CHC-TOR-CHW
334,Johan Camargo\camarjo01,4.4,2017,2019,23-25,267,908,826,110,227,55,4,25,118,70,7,182,6,2,4,21,2,1,.275,.334,.442,.776,*5/6H479,ATL
335,Yuli Gurriel\gourryu01,4.4,2016,2019,32-35,374,1543,1448,185,413,99,4,39,207,62,1,166,14,0,19,47,12,7,.285,.317,.440,.757,*3/54DH67,HOU
336,Manuel Margot\margoma01,4.4,2016,2019,21-24,339,1241,1147,122,287,53,16,23,103,76,4,236,4,3,11,16,37,17,.250,.296,.384,.681,*8/H9,SDP
337,Roberto Perez\perezro02,4.4,2014,2019,25-30,342,1132,960,109,200,44,3,32,124,130,1,320,4,28,10,27,1,1,.208,.303,.360,.663,*2/DH,CLE
338,Madison Bumgarner\bumgama01,4.3,2011,2019,21-29,243,588,518,46,94,17,0,18,57,32,0,220,1,33,4,4,0,0,.181,.229,.319,.547,*1/H,SFG
339,Caleb Joseph\josepca01,4.3,2014,2019,28-33,411,1334,1234,128,275,57,4,31,124,71,2,313,10,13,5,29,2,2,.223,.270,.351,.621,*2/H35D1,BAL-ARI
340,Everth Cabrera\cabreev01,4.3,2011,2015,24-28,331,1389,1240,147,310,49,9,9,79,110,2,290,7,25,7,13,103,24,.250,.313,.326,.639,*6/4H5,SDP-BAL
341,Alex Rios\riosal01,4.3,2011,2015,30-34,694,2804,2635,334,713,144,24,64,302,132,12,428,14,0,22,84,102,28,.271,.306,.416,.723,*98/DH,CHW-TEX-KCR
342,Lance Berkman\berkmla01,4.3,2011,2013,35-37,250,978,825,129,230,40,4,39,135,144,23,164,5,0,4,17,4,6,.279,.388,.479,.866,9/D3H7,STL-TEX
343,Adalberto Mondesi\mondera02,4.2,2016,2019,20-23,214,795,737,105,186,31,14,23,97,35,0,227,3,14,6,9,72,13,.252,.287,.426,.713,*6/4HD,KCR
344,Domingo Santana\santado01,4.2,2014,2019,21-26,439,1631,1431,200,378,78,2,67,212,172,3,511,16,0,11,31,27,11,.264,.347,.462,.809,*9/7H8D,HOU-MIL-SEA
345,Devin Mesoraco\mesorde01,4.2,2011,2018,23-30,468,1574,1402,152,325,66,2,58,192,138,16,316,23,0,11,33,4,7,.232,.309,.406,.715,*2/HD3,CIN-NYM
346,Ruben Tejada\tejadru01,4.2,2011,2017,21-27,579,2132,1894,196,484,98,1,9,143,180,19,318,28,18,12,39,14,9,.256,.327,.323,.650,*6/45H1,NYM-STL-SFG-BAL
347,Scott Van Slyke\vanslsc01,4.2,2012,2017,25-30,355,869,760,84,184,44,1,29,95,85,4,223,14,2,8,20,11,6,.242,.326,.417,.744,7H/938D,LAD
348,David Ross\rossda01,4.2,2011,2016,34-39,339,1041,907,89,201,41,0,37,112,111,14,326,1,12,9,17,3,3,.222,.304,.389,.694,*2/H1D,ATL-BOS-CHC
349,Albert Almora\almoral01,4.1,2016,2019,22-25,395,1127,1047,141,294,59,4,23,122,59,4,187,4,9,8,31,4,3,.281,.319,.411,.730,*8H/79,CHC
350,Omar Narvaez\narvaom01,4.1,2016,2019,24-27,276,944,820,95,225,33,1,21,77,112,3,166,4,5,3,14,0,2,.274,.363,.394,.757,*2/HD34,CHW-SEA
351,Drew Stubbs\stubbdr01,4.1,2011,2017,26-32,719,2388,2140,326,508,82,13,62,189,207,4,755,14,18,9,13,121,24,.237,.308,.375,.682,*89/H7D,CIN-CLE-COL-TEX-ATL-BAL-SFG
352,Curt Casali\casalcu01,4.0,2014,2019,25-30,253,728,643,75,150,36,0,26,82,65,3,197,9,7,4,11,0,2,.233,.311,.411,.721,*2/HD34,TBR-CIN
353,Dansby Swanson\swansda01,4.0,2016,2019,22-25,387,1520,1354,172,335,66,10,36,170,139,31,334,5,8,14,18,22,10,.247,.317,.391,.707,*6/H,ATL
354,Corey Hart\hartco01,4.0,2011,2015,29-33,382,1485,1340,191,351,70,8,64,176,112,8,343,22,5,6,31,14,6,.262,.328,.469,.797,93/DH7,MIL-SEA-PIT
355,Alexi Casilla\casilal01,4.0,2011,2014,26-29,266,820,738,100,180,42,7,4,61,53,0,118,6,13,10,11,45,7,.244,.296,.336,.632,*4/H6D5,MIN-BAL
356,David Lough\loughda01,3.9,2012,2016,26-30,342,820,749,95,190,29,10,13,67,43,1,138,9,13,6,8,17,13,.254,.300,.371,.671,7/9H8D,KCR-BAL-PHI
357,Austin Barnes\barneau01,3.8,2015,2019,25-29,287,726,609,91,143,30,2,16,70,98,8,155,16,2,1,23,11,4,.235,.355,.369,.724,*2/H45D,LAD
358,Rhys Hoskins\hoskirh01,3.8,2017,2019,24-26,270,1165,970,162,247,58,2,66,191,170,5,266,15,0,9,13,8,5,.255,.371,.523,.894,*73/HD,PHI
359,Hernan Perez\perezhe01,3.8,2012,2019,21-28,596,1702,1609,180,413,69,11,42,172,71,3,354,1,10,11,32,68,16,.257,.287,.392,.678,54H/976831D,DET-MIL
360,David Murphy\murphda07,3.8,2011,2015,29-33,670,2290,2074,240,557,112,8,57,260,180,15,304,8,3,19,41,24,20,.269,.327,.413,.739,*79/HD81,TEX-CLE-LAA
361,Ryan Roberts\roberry01,3.8,2011,2014,30-33,354,1239,1102,153,265,50,2,36,134,120,3,236,3,6,8,24,28,17,.240,.315,.387,.702,*54/H73D6,ARI-TBR-BOS
362,Andy Dirks\dirksan01,3.8,2011,2013,25-27,297,1063,971,150,268,47,7,24,100,76,5,173,7,6,3,13,13,4,.276,.332,.413,.745,*7/9H8D,DET
363,David Fletcher\fletcda02,3.7,2018,2019,24-25,144,548,506,67,146,30,4,5,48,34,1,49,3,3,2,12,8,2,.289,.336,.393,.729,/4567H9,LAA
364,Shohei Ohtani\ohtansh01,3.7,2018,2019,23-24,135,504,447,76,127,23,3,30,87,50,2,137,3,0,3,3,11,5,.284,.358,.550,.908,*D/H1,LAA
365,Manny Pina\pinama01,3.7,2011,2019,24-32,272,856,778,94,198,42,2,22,87,57,3,174,12,2,7,25,4,1,.254,.313,.398,.711,*2/H3D,KCR-MIL
366,Juan Soto\sotoju01,3.7,2018,2019,19-20,174,747,631,114,183,38,2,32,109,113,10,156,1,1,1,13,8,2,.290,.398,.509,.907,*7/H,WSN
367,Emilio Bonifacio\bonifem01,3.7,2011,2017,26-32,571,1971,1777,222,460,71,19,12,112,146,4,417,5,34,9,15,126,34,.259,.315,.340,.656,48H/7659D,FLA-MIA-TOR-KCR-CHC-ATL-CHW
368,Carl Crawford\crawfca02,3.7,2011,2016,29-34,481,1783,1663,233,451,94,18,32,174,84,4,299,15,3,13,23,71,19,.271,.310,.407,.717,*7/HD,BOS-LAD
369,Cody Ross\rossco01,3.7,2011,2015,30-34,437,1584,1422,175,365,84,2,46,189,134,8,325,11,2,15,34,10,7,.257,.322,.416,.738,97/H8D,SFG-BOS-ARI-OAK
370,Rafael Devers\deverra01,3.6,2017,2019,20-22,247,1023,939,141,250,56,2,41,140,79,12,227,1,1,3,17,16,7,.266,.323,.461,.784,*5/HD,BOS
371,Greg Garcia\garcigr01,3.6,2014,2019,24-29,460,1006,853,105,211,40,2,12,70,123,6,204,18,7,5,14,6,4,.247,.352,.341,.694,H45/631D,STL-SDP
372,Trey Mancini\mancitr01,3.6,2016,2019,24-27,373,1518,1394,184,382,68,9,65,174,98,3,353,14,0,12,36,2,1,.274,.325,.476,.801,*73/D9H,BAL
373,Danny Valencia\valenda01,3.6,2011,2018,26-33,779,2900,2664,330,702,136,11,89,357,197,8,605,8,1,30,82,9,16,.264,.313,.423,.736,*53/D9H741,MIN-BOS-BAL-TOR-KCR-OAK-SEA
374,Franklin Gutierrez\gutiefr01,3.6,2011,2017,28-34,365,1193,1092,130,271,53,1,45,142,80,2,285,9,5,7,26,20,5,.248,.303,.422,.725,8/9H7D,SEA-LAD
375,Jamey Carroll\carroja01,3.6,2011,2013,37-39,356,1296,1149,143,305,41,7,1,68,116,3,162,7,17,7,15,21,6,.265,.335,.316,.651,46/5H1D,LAD-MIN-KCR
376,Carlos Lee\leeca01,3.6,2011,2012,35-36,302,1268,1135,119,306,65,5,27,171,117,12,109,4,0,12,22,7,3,.270,.337,.407,.744,*3/7DH,HOU-MIA
377,Willy Adames\adamewi01,3.5,2018,2019,22-23,147,572,514,72,136,16,1,16,53,52,3,161,2,2,2,9,9,6,.265,.333,.393,.726,*6/4H,TBR
378,Chad Pinder\pindech01,3.5,2016,2019,24-27,270,862,784,106,196,41,2,34,92,55,1,228,14,2,6,15,2,4,.250,.308,.438,.746,/74H9658D3,OAK
379,Logan Morrison\morrilo01,3.5,2011,2018,23-30,897,3426,3027,365,713,141,14,135,403,346,25,671,35,1,17,63,23,9,.236,.319,.425,.745,*37/DH9,FLA-MIA-SEA-TBR-MIN
380,Alfonso Soriano\soriaal01,3.5,2011,2014,35-38,506,1987,1843,224,461,107,4,98,320,113,13,493,18,0,13,47,27,12,.250,.298,.472,.770,*7/D9H,CHC-NYY
381,Gordon Beckham\beckhgo01,3.4,2011,2019,24-32,789,2728,2457,289,568,128,4,54,229,186,6,478,41,22,22,67,23,10,.231,.294,.352,.646,*45/H6D3,CHW-LAA-SFG-ATL-SEA-DET
382,Keon Broxton\broxtke01,3.4,2015,2019,25-29,327,905,802,123,172,29,7,36,86,93,1,339,7,2,1,8,57,15,.214,.301,.403,.704,*8/H97,PIT-MIL-NYM-BAL
383,Daniel Robertson\roberda10,3.4,2017,2019,23-25,219,795,675,90,155,31,2,16,68,93,0,199,22,1,4,22,4,4,.230,.340,.353,.693,/456H7D31,TBR
384,Collin Cowgill\cowgico01,3.4,2011,2016,25-30,317,759,689,83,161,22,4,12,57,58,1,197,5,6,1,10,14,7,.234,.297,.329,.627,7/9H8D,ARI-OAK-NYM-LAA-CLE
385,Brandon Lowe\lowebr01,3.3,2018,2019,23-24,103,394,355,50,95,20,3,20,68,32,0,120,5,0,2,4,5,1,.268,.335,.510,.845,/*47H93D,TBR
386,Kyle Schwarber\schwaky01,3.3,2015,2019,22-26,400,1537,1309,219,301,44,6,87,196,208,26,441,11,1,8,17,9,9,.230,.339,.472,.811,*7/H2D93,CHC
387,Ryan Goins\goinsry01,3.3,2013,2018,25-30,489,1517,1392,137,317,65,11,20,148,90,0,326,2,22,11,39,6,5,.228,.274,.333,.607,*46/H579D31,TOR-KCR
388,Clayton Kershaw\kershcl01,3.2,2011,2019,23-31,236,596,502,36,91,10,1,1,33,28,0,143,4,61,1,11,1,0,.181,.230,.211,.441,*1/H,LAD
389,Cory Spangenberg\spangco01,3.2,2014,2018,23-27,387,1278,1155,143,298,47,13,27,109,93,2,338,10,15,4,13,31,10,.258,.318,.391,.709,54/H7D9168,SDP
390,Chris Carter\cartech02,3.2,2011,2017,24-30,726,2775,2399,326,523,106,5,155,393,320,10,930,26,0,29,53,11,5,.218,.313,.460,.773,*3D/7H9,OAK-HOU-MIL-NYY
391,Sandy Leon\leonsa01,3.1,2012,2019,23-30,351,1182,1062,119,240,50,2,22,115,86,3,291,11,16,7,21,1,1,.226,.289,.339,.628,*2/HD5,WSN-BOS
392,Derek Jeter\jeterde01,3.1,2011,2014,37-40,452,2054,1873,238,539,76,5,26,176,134,2,268,18,18,11,52,35,12,.288,.339,.375,.715,*6/DH,NYY
393,Cameron Rupp\ruppca01,3.0,2013,2017,24-28,296,1127,1027,100,240,57,2,39,124,87,8,323,9,0,4,29,2,1,.234,.298,.407,.705,*2/H,PHI
394,Nyjer Morgan\morgany01,3.0,2011,2014,30-33,256,803,708,113,198,26,9,8,59,46,0,139,20,25,4,10,28,9,.280,.339,.376,.715,*8/H97D,MIL-CLE
395,Mark Canha\canhama01,2.9,2015,2019,26-30,360,1262,1129,162,270,61,4,51,161,94,3,289,29,1,9,27,10,7,.239,.312,.436,.747,73/8H9D5,OAK
396,Mitch Garver\garvemi01,2.9,2017,2019,26-28,157,509,454,67,124,26,6,17,74,48,2,120,5,1,1,10,0,0,.273,.348,.469,.818,*2/HD371,MIN
397,Josh Phegley\phegljo01,2.9,2013,2019,25-31,326,1017,945,107,216,60,1,30,136,47,0,202,11,3,11,26,2,1,.229,.270,.389,.660,*2/H41,CHW-OAK
398,Chris Heisey\heisech01,2.9,2011,2017,26-32,600,1532,1393,185,329,59,11,54,157,94,5,357,21,13,11,18,24,8,.236,.292,.411,.703,*7H/89D,CIN-LAD-WSN
399,Kyle Blanks\blankky01,2.9,2011,2015,24-28,191,641,577,72,146,27,1,20,74,50,1,174,9,0,5,9,4,1,.253,.320,.407,.727,/379HD,SDP-OAK-TEX
400,Orlando Arcia\arciaor01,2.8,2016,2019,21-24,394,1385,1286,138,324,53,6,30,128,89,12,287,2,3,5,32,32,14,.252,.300,.372,.673,*6/H,MIL