k,Player,WAR/pos,From,To,Age,G,PA,AB,R,H,2B,3B,HR,RBI,BB,IBB,SO,HBP,SH,SF,GDP,SB,CS,BA,OBP,SLG,OPS,Pos,Tm
601,Andrew Cashner\cashnan01,0.8,2011,2019,24-32,163,226,201,16,32,2,1,1,8,7,0,82,0,17,1,0,2,0,.159,.187,.194,.381,*1/H7,CHC-SDP-MIA-TEX-BAL
602,Daniel Descalso\descada01,0.8,2011,2019,24-32,1042,2820,2454,317,581,124,25,48,289,297,28,580,20,26,22,33,24,15,.237,.322,.366,.688,4H56/37D19,STL-COL-ARI-CHC
603,Alex Dickerson\dickeal01,0.8,2015,2019,25-29,107,312,280,40,70,16,2,10,39,26,2,54,4,0,2,6,5,1,.250,.321,.429,.749,/*7HD,SDP
604,Wilmer Difo\difowi01,0.8,2015,2019,23-27,357,1032,930,131,230,29,11,15,77,83,15,197,3,9,7,17,23,5,.247,.309,.351,.659,46/H5978D,WSN
605,Daniel Hudson\hudsoda01,0.8,2011,2019,24-32,273,98,81,6,20,3,0,1,15,5,0,29,0,11,1,2,0,0,.247,.287,.321,.608,*1,ARI-PIT-LAD-TOR
606,Tony Kemp\kempto01,0.8,2016,2019,24-27,218,607,532,77,129,26,5,11,53,59,2,97,6,5,4,14,15,7,.242,.323,.372,.695,*7/H84D9,HOU
607,German Marquez\marquge01,0.8,2016,2019,21-24,77,159,140,11,33,3,1,1,19,0,0,39,0,19,0,3,0,0,.236,.236,.293,.529,/*1H,COL
608,Jose Pirela\pireljo01,0.8,2014,2019,24-29,290,966,892,112,230,54,8,16,80,61,1,192,5,3,5,24,11,7,.258,.307,.390,.698,47/H39D5,NYY-SDP
609,Harold Ramirez\ramirha02,0.8,2019,2019,24-24,27,110,105,15,33,7,0,1,12,4,0,21,1,0,0,2,1,0,.314,.345,.410,.755,/*8*97H,MIA
610,Austin Riley\rileyau01,0.8,2019,2019,22-22,27,114,107,21,31,3,1,10,29,4,1,36,3,0,0,2,0,1,.290,.333,.617,.950,/*75H,ATL
611,Jorge Soler\solerjo01,0.8,2014,2019,22-27,375,1411,1259,154,312,75,2,55,179,126,6,398,14,0,12,35,7,3,.248,.320,.442,.762,*9/D7H,CHC-KCR
612,Brandon Barnes\barnebr02,0.8,2012,2018,26-32,484,1274,1172,133,284,56,9,20,102,67,3,358,13,19,3,24,22,20,.242,.290,.357,.647,87H9/4D,HOU-COL-CLE
613,Ryan Flaherty\flahery01,0.8,2012,2018,25-31,533,1452,1303,148,281,50,5,37,141,112,12,353,19,11,6,22,10,2,.216,.286,.347,.633,45/H6397D1,BAL-ATL
614,Brent Suter\suterbr01,0.8,2016,2018,26-28,53,55,46,5,8,1,0,1,4,4,0,15,2,3,0,1,0,0,.174,.269,.261,.530,/*1H,MIL
615,Quintin Berry\berryqu01,0.8,2012,2017,27-32,132,345,305,53,80,10,6,3,33,26,0,86,7,6,1,4,29,2,.262,.333,.364,.697,/*7H89D,DET-BOS-BAL-CHC-MIL
616,Johnny Giavotella\giavojo01,0.8,2011,2017,23-29,360,1344,1246,148,318,65,11,14,125,65,0,178,8,13,12,27,15,7,.255,.294,.359,.653,*4/HD6,KCR-LAA-BAL
617,Shane Peterson\petersh01,0.8,2013,2017,25-29,125,322,287,32,73,12,3,4,28,26,1,79,2,3,2,5,2,1,.254,.319,.359,.677,/H789D3,OAK-MIL-TBR
618,Josmil Pinto\pintojo01,0.8,2013,2016,24-27,84,286,250,36,63,13,0,11,30,31,0,76,2,0,3,10,0,1,.252,.336,.436,.772,/*2DH,MIN-MIL
619,Pedro Ciriaco\ciriape01,0.8,2011,2015,25-29,264,643,606,67,161,31,6,5,50,20,4,123,4,9,4,8,35,7,.266,.292,.361,.653,/H564D7389,PIT-BOS-SDP-KCR-ATL
620,Cliff Lee\leecl02,0.8,2011,2014,32-35,107,250,223,16,42,5,1,2,18,4,0,83,0,22,1,2,2,2,.188,.202,.247,.448,*1/H,PHI
621,Justin Sellers\selleju01,0.8,2011,2014,25-28,99,287,252,33,50,13,1,3,17,25,1,59,4,5,1,4,1,1,.198,.280,.294,.574,/*645H,LAD-CLE
622,Jason Donald\donalja01,0.8,2011,2012,26-27,82,278,256,31,67,8,2,3,19,12,0,75,6,1,3,2,7,2,.262,.307,.344,.651,/465H7D8,CLE
623,Orlando Hudson\hudsoor01,0.8,2011,2012,33-34,205,737,658,75,151,18,11,10,71,69,7,135,2,4,4,11,25,6,.229,.303,.336,.639,*4/5HD,SDP-CHW
624,Carlos Zambrano\zambrca01,0.8,2011,2012,30-31,54,84,78,11,20,2,0,3,7,2,0,22,0,4,0,2,0,0,.256,.275,.397,.672,/*1H,CHC-MIA
625,Derrek Lee\leede02,0.8,2011,2011,35-35,113,477,435,55,116,17,2,19,59,33,2,110,6,0,3,14,2,1,.267,.325,.446,.771,*3,PIT-BAL
626,Edgar Renteria\renteed01,0.8,2011,2011,34-34,96,333,299,34,75,14,0,5,36,24,0,65,1,6,3,7,4,2,.251,.306,.348,.654,/*6H4,CIN
627,Freddy Sanchez\sanchfr01,0.8,2011,2011,33-33,60,261,239,21,69,15,1,3,24,13,3,35,3,5,1,2,0,1,.289,.332,.397,.730,/*4H,SFG
628,Jason Varitek\varitja01,0.8,2011,2011,39-39,68,250,222,32,49,10,1,11,36,21,0,67,4,3,0,3,0,0,.221,.300,.423,.723,/*2,BOS
629,Willians Astudillo\astudwi01,0.7,2018,2019,26-27,62,218,205,25,61,10,1,5,32,4,0,8,4,0,5,10,0,0,.298,.317,.429,.746,/253DH79481,MIN
630,Gerrit Cole\colege01,0.7,2013,2019,22-28,139,279,244,17,41,2,0,3,15,6,0,107,1,28,0,3,0,0,.168,.191,.213,.404,*1/H,PIT-HOU
631,Derek Fisher\fishede01,0.7,2017,2019,23-25,112,312,278,43,56,8,4,10,33,29,1,110,3,0,2,1,9,4,.201,.282,.367,.649,/*79H8D,HOU
632,Erik Gonzalez\gonzaer01,0.7,2016,2019,24-27,178,334,313,39,80,18,2,5,29,15,3,92,2,3,1,2,7,3,.256,.293,.374,.667,/46H53D97,CLE-PIT
633,Edwin Jackson\jacksed01,0.7,2011,2019,27-35,193,256,229,19,39,4,0,1,8,9,0,96,0,17,1,0,1,1,.170,.201,.201,.402,*1/H,STL-CHW-WSN-CHC-ATL-SDP-MIA-BAL-OAK-TOR
634,Michael Perez\perezmi03,0.7,2018,2019,25-26,39,126,113,15,31,10,0,1,13,9,0,34,1,1,2,0,0,0,.274,.328,.389,.717,/*2H3,TBR
635,Donovan Solano\solando01,0.7,2012,2019,24-31,386,1208,1105,102,284,42,6,9,104,67,4,204,14,13,9,25,11,3,.257,.305,.330,.636,*4H/567D,MIA-NYY-SFG
636,Brandon Woodruff\woodrbr01,0.7,2017,2019,24-26,42,55,49,5,14,3,0,1,5,3,0,16,0,3,0,1,0,0,.286,.327,.408,.735,/*1H,MIL
637,Jordan Zimmermann\zimmejo02,0.7,2011,2019,25-33,160,344,295,17,50,6,0,1,13,9,0,89,0,38,2,1,0,0,.169,.193,.200,.393,*1/H,WSN-DET
638,Lane Adams\adamsla01,0.7,2014,2018,24-28,117,154,137,30,36,5,1,7,26,14,0,47,1,1,1,4,11,0,.263,.333,.467,.800,/*H789D,KCR-ATL
639,Efren Navarro\navaref01,0.7,2011,2018,25-32,157,355,323,36,78,16,2,3,22,29,4,70,0,3,0,7,2,6,.241,.304,.331,.635,/*37H9D,LAA-DET-CHC
640,Henderson Alvarez III\alvarhe01,0.7,2011,2017,21-27,54,115,100,5,22,4,0,1,9,1,0,36,0,12,2,0,0,0,.220,.223,.290,.513,/*1,TOR-MIA-PHI
641,Shawn O'Malley\omallsh01,0.7,2014,2016,26-28,124,305,268,37,62,10,2,3,25,30,0,81,3,3,1,4,11,2,.231,.315,.317,.632,/6H79845D,LAA-SEA
642,Doug Bernier\bernido01,0.7,2013,2015,33-35,44,79,65,12,15,4,0,0,7,10,1,20,2,2,0,1,2,1,.231,.351,.292,.643,/*6H54D,MIN
643,Joey Butler\butlejo04,0.7,2013,2015,27-29,102,297,274,33,75,14,0,8,31,20,0,91,3,0,0,16,5,2,.274,.330,.412,.742,/D7H9,TEX-STL-TBR
644,Daric Barton\bartoda02,0.7,2011,2014,25-28,180,600,510,57,110,23,0,4,48,79,3,111,5,0,6,8,3,1,.216,.323,.284,.608,*3/H,OAK
645,Roger Bernadina\bernaro01,0.7,2011,2014,27-30,385,928,829,96,193,36,4,17,72,76,5,200,14,8,1,15,38,7,.233,.308,.347,.655,7H8/93,WSN-PHI-LAD-CIN
646,Ryan Ludwick\ludwiry01,0.7,2011,2014,32-35,414,1570,1398,144,350,76,1,50,212,134,8,344,13,4,13,31,1,4,.250,.319,.413,.732,*7/H9D,SDP-PIT-CIN
647,Josh Satin\satinjo01,0.7,2011,2014,26-29,116,292,251,28,61,18,0,3,22,37,2,82,3,0,1,7,1,1,.243,.346,.351,.696,/*H35D,NYM
648,Dayan Viciedo\vicieda01,0.7,2011,2014,22-25,445,1692,1571,183,393,66,7,61,198,93,3,363,16,0,12,52,1,3,.250,.297,.418,.714,*79/DH3,CHW
649,Rick Ankiel\ankieri01,0.7,2011,2013,31-33,235,722,666,74,151,37,3,21,70,49,4,215,2,4,1,11,11,7,.227,.281,.386,.667,*8/9H,WSN-NYM-HOU
650,Darnell McDonald\mcdonda02,0.7,2011,2013,32-34,146,335,298,47,71,17,1,9,38,30,0,60,2,2,3,8,3,4,.238,.309,.393,.702,/97H8D1,BOS-NYY-CHC
651,Francisco Peguero\peguefr01,0.7,2012,2013,24-25,35,46,45,10,9,1,0,1,1,1,0,9,0,0,0,2,5,0,.200,.217,.289,.506,/*7H9,SFG
652,Miguel Tejada\tejadmi01,0.7,2011,2013,37-39,144,510,478,43,122,21,0,7,46,18,6,60,4,5,5,16,5,4,.255,.285,.343,.628,/564H3D,SFG-KCR
653,Mike McCoy\mccoymi01,0.7,2011,2012,30-31,112,284,249,36,48,9,0,3,17,29,1,47,1,5,0,1,14,3,.193,.280,.265,.545,/6H5849D71,TOR
654,Dontrelle Willis\willido03,0.7,2011,2011,29-29,16,34,31,2,12,3,1,1,4,0,0,4,0,3,0,0,0,0,.387,.387,.645,1.032,/*1H,CIN
655,Victor Caratini\caratvi01,0.6,2017,2019,23-25,128,327,291,37,75,17,0,4,32,25,1,67,8,2,1,9,0,0,.258,.332,.357,.690,/2H35179,CHC
656,Charlie Culberson\culbech01,0.6,2012,2019,23-30,355,818,755,89,192,36,5,21,102,44,8,207,9,5,5,23,12,6,.254,.301,.399,.700,H/7654391,SFG-COL-LAD-ATL
657,Cole Hamels\hamelco01,0.6,2011,2019,27-35,170,408,358,16,62,6,2,2,18,9,0,149,3,37,1,6,0,3,.173,.199,.218,.417,*1/H,PHI-TEX-CHC
658,Danny Jansen\janseda01,0.6,2018,2019,23-24,80,267,233,23,48,12,0,5,22,26,0,59,5,1,2,4,0,0,.206,.297,.322,.619,/*2HD,TOR
659,Ian Kennedy\kenneia01,0.6,2011,2019,26-34,183,332,267,14,31,10,1,1,16,26,0,130,1,37,1,3,0,0,.116,.197,.172,.369,*1/H,ARI-SDP-KCR
660,Tzu-Wei Lin\lintz02,0.6,2017,2019,23-25,75,161,141,25,35,8,3,1,9,19,0,40,0,1,0,0,2,3,.248,.338,.369,.706,/64H58D,BOS
661,Tim Locastro\locasti01,0.6,2017,2019,24-26,50,99,79,21,18,4,2,0,7,9,0,15,11,0,0,0,10,0,.228,.384,.329,.713,/*H789,LAD-ARI
662,Mikie Mahtook\mahtomi01,0.6,2015,2019,25-29,291,965,884,112,208,33,9,33,97,59,1,255,14,2,6,9,14,5,.235,.292,.405,.697,78/9HD,TBR-DET
663,Chance Sisco\siscoch01,0.6,2017,2019,22-24,80,233,200,20,41,13,0,6,25,19,0,83,14,0,0,2,1,0,.205,.318,.360,.678,/*2HD3,BAL
664,Vince Velasquez\velasvi01,0.6,2015,2019,23-27,85,124,112,7,24,2,0,0,2,3,0,31,0,9,0,4,0,0,.214,.235,.232,.467,*1/H,HOU-PHI
665,Spencer Kieboom\kiebosp01,0.6,2016,2018,25-27,53,144,125,17,29,5,0,2,13,17,0,28,1,0,1,2,0,0,.232,.326,.320,.646,/*2H35,WSN
666,Carlos Perez\perezca02,0.6,2015,2018,24-27,212,670,618,47,133,31,0,11,58,34,0,125,2,12,4,17,4,0,.215,.257,.319,.576,*2/H3D,LAA-ATL-TEX
667,Dalton Pompey\pompeda01,0.6,2014,2018,21-25,64,159,145,25,32,9,2,3,10,12,0,42,2,0,0,1,8,2,.221,.289,.372,.662,/8H7D,TOR
668,Mike Aviles\avilemi01,0.6,2011,2017,30-36,667,2218,2046,239,499,93,5,41,215,99,2,291,13,36,24,61,55,23,.244,.280,.354,.634,654/H79D83,KCR-BOS-CLE-DET-MIA
669,Adonis Garcia\garciad01,0.6,2015,2017,30-32,244,944,896,104,239,45,0,29,110,36,4,151,8,0,3,36,7,2,.267,.300,.414,.714,*5/H7D,ATL
670,Daniel Robertson\roberda09,0.6,2014,2017,28-31,148,386,351,43,92,16,2,1,36,27,2,41,0,7,1,12,6,6,.262,.314,.328,.642,/79H8D4,TEX-LAA-SEA-CLE
671,Matt Dominguez\dominma01,0.6,2011,2016,21-26,362,1369,1272,123,294,48,2,42,152,66,4,249,13,4,14,46,0,2,.231,.273,.371,.644,*5/DH3,FLA-HOU-TOR
672,Mike Baxter\baxtemi01,0.6,2011,2015,26-30,223,480,409,52,94,23,4,4,27,55,5,98,13,0,3,6,10,5,.230,.338,.335,.672,H/973D8,NYM-LAD-CHC
673,Elian Herrera\herreel01,0.6,2012,2015,27-30,223,639,586,69,148,35,2,8,55,44,2,160,2,4,3,10,11,4,.253,.306,.360,.666,/5H47968,LAD-MIL
674,Tim Hudson\hudsoti01,0.6,2011,2015,35-39,128,299,253,13,35,7,0,3,15,13,0,83,2,29,2,6,0,0,.138,.185,.202,.387,*1/H,ATL-SFG
675,Reed Johnson\johnsre02,0.6,2011,2015,34-38,434,915,847,100,233,59,5,11,87,25,2,199,32,5,6,16,4,4,.275,.319,.396,.714,*H79/8D,CHC-ATL-MIA-WSN
676,Miguel Olivo\olivomi01,0.6,2011,2014,32-35,258,935,889,90,197,35,2,35,102,33,2,260,1,2,10,18,9,11,.222,.248,.384,.631,*2/HD3,SEA-MIA-LAD
677,Matt Carson\carsoma01,0.6,2012,2013,30-31,46,82,77,8,22,1,0,1,7,3,0,22,1,0,1,0,3,0,.286,.317,.338,.655,/*97HD,MIN-CLE
678,Derek Lowe\lowede01,0.6,2011,2013,38-40,37,69,56,4,11,4,0,1,7,4,0,18,0,9,0,0,0,0,.196,.250,.321,.571,/*1,ATL-NYY-CLE-TEX
679,Brett Pill\pillbr01,0.6,2011,2013,26-28,111,259,240,28,56,10,2,9,32,13,1,44,3,1,2,12,1,1,.233,.279,.404,.683,/3H75,SFG
680,Derrick Robinson\robinde02,0.6,2013,2013,25-25,102,216,192,21,49,7,3,0,8,18,0,44,1,5,0,0,4,5,.255,.322,.323,.645,/*7H89,CIN
681,Aaron Rowand\rowanaa01,0.6,2011,2011,33-33,108,351,331,34,77,22,2,4,21,10,1,84,9,0,1,6,2,3,.233,.274,.347,.621,/*87H9D,SFG
682,Tyler Austin\austity01,0.5,2016,2019,24-27,162,499,451,62,104,17,1,29,81,41,0,187,2,0,5,6,2,2,.231,.295,.466,.760,/*3DH79,NYY-MIN-SFG
683,Franchy Cordero\cordefr02,0.5,2017,2019,22-24,79,273,246,36,59,9,4,10,29,24,0,106,0,2,1,1,7,3,.240,.306,.431,.737,/*87H9,SDP
684,Zach Duke\dukeza01,0.5,2011,2019,28-36,210,29,25,3,8,0,0,2,6,1,0,9,0,3,0,0,0,0,.320,.346,.560,.906,*1,ARI-WSN-CIN-MIL-CHW-STL-SEA-MIN
685,Kyle Farmer\farmeky01,0.5,2017,2019,26-28,107,183,168,12,40,8,1,5,27,9,2,45,4,0,2,3,3,1,.238,.290,.387,.677,/*H5432D,LAD-CIN
686,Brian Goodwin\goodwbr01,0.5,2016,2019,25-28,232,721,647,98,169,42,3,25,83,60,4,190,5,2,7,5,13,4,.261,.325,.451,.777,/78H9D,WSN-KCR-LAA
687,Phil Gosselin\gosseph01,0.5,2013,2019,24-30,308,629,581,75,152,30,2,7,41,37,2,121,5,3,3,6,7,4,.262,.310,.356,.666,*H/45673D9,ATL-ARI-PIT-TEX-CIN-PHI
688,Teoscar Hernandez\hernate01,0.5,2016,2019,23-26,249,905,824,114,193,49,8,38,106,72,2,279,3,0,6,22,8,9,.234,.296,.451,.748,*7/9H8D,HOU-TOR
689,Wade LeBlanc\leblawa01,0.5,2011,2019,26-34,118,65,55,4,13,1,0,0,2,1,0,13,1,8,0,1,0,0,.236,.263,.255,.518,*1,SDP-MIA-HOU-NYY-LAA-PIT-SEA
690,Oscar Mercado\mercaos01,0.5,2019,2019,24-24,23,92,83,18,23,4,0,3,8,4,0,19,3,2,0,1,2,1,.277,.333,.434,.767,/*798H,CLE
691,Amed Rosario\rosaram01,0.5,2017,2019,21-23,265,1035,975,118,246,41,16,21,97,47,5,233,5,4,4,20,37,16,.252,.289,.392,.681,*6/H,NYM
692,Christian Walker\walkech02,0.5,2014,2019,23-28,127,364,326,44,74,21,1,17,35,33,2,116,5,0,0,3,5,1,.227,.308,.454,.762,/*3HD7,BAL-ARI
693,Jorge Bonifacio\bonifjo01,0.5,2017,2018,24-25,182,692,620,86,151,31,3,21,63,64,1,189,4,1,3,11,1,2,.244,.317,.405,.722,*9/7HD8,KCR
694,Jose Briceno\bricejo01,0.5,2018,2018,25-25,46,128,117,12,28,2,0,5,10,8,0,35,2,1,0,2,0,1,.239,.299,.385,.684,/*2H3,LAA
695,Kris Medlen\medlekr01,0.5,2011,2018,25-32,81,108,89,7,13,3,0,1,6,8,0,39,0,10,1,0,1,0,.146,.214,.213,.428,*1,ATL-KCR-ARI
696,Boog Powell\powelbo02,0.5,2017,2018,24-25,59,160,141,27,37,6,1,3,12,16,0,36,0,1,2,3,1,2,.262,.333,.383,.716,/*8HD79,SEA-OAK
697,Bobby Wilson\wilsobo02,0.5,2011,2018,28-35,312,881,781,69,161,32,0,14,84,59,1,189,3,28,10,22,0,3,.206,.261,.301,.562,*2/3HD,LAA-ARI-TEX-TBR-DET-MIN
698,Ramon Cabrera\cabrera01,0.5,2015,2016,25-26,74,215,201,15,53,11,0,4,26,8,1,35,1,2,3,6,1,1,.264,.291,.378,.669,/*2H,CIN
699,Chris Parmelee\parmech01,0.5,2011,2016,23-28,311,1011,917,89,227,48,3,30,98,79,1,239,10,0,5,21,1,5,.248,.313,.405,.717,39/H78D,MIN-BAL-NYY
700,Matt Tuiasosopo\tuiasma01,0.5,2013,2016,27-30,84,194,167,26,40,7,0,7,30,25,0,58,2,0,0,3,0,0,.240,.345,.407,.753,/*7H3D5,DET-ATL
701,Jeff Bianchi\biancje01,0.5,2012,2015,25-28,165,404,377,34,81,11,1,4,40,18,0,76,1,4,4,6,4,4,.215,.250,.281,.531,/5H647,MIL-BOS
702,Chad Billingsley\billich01,0.5,2011,2015,26-30,62,132,114,7,18,4,0,2,7,4,0,49,0,13,1,1,0,0,.158,.185,.246,.430,/*1,LAD-PHI
703,Brent Morel\morelbr01,0.5,2011,2015,24-28,199,647,597,63,135,23,1,10,52,36,1,115,3,10,1,13,10,6,.226,.273,.318,.591,*5/H3,CHW-PIT
704,Jason Pridie\pridija01,0.5,2011,2015,27-31,122,270,241,30,53,12,3,5,24,25,2,72,0,3,1,2,7,1,.220,.292,.357,.649,/8H97D,NYM-PHI-BAL-COL-OAK
705,Bobby Abreu\abreubo01,0.5,2011,2014,37-40,320,997,854,95,213,50,2,12,98,135,8,190,1,1,6,18,28,7,.249,.350,.355,.705,D/H79,LAA-LAD-NYM
706,Tony Gwynn\gwynnto02,0.5,2011,2014,28-31,319,744,676,80,156,22,11,2,42,54,4,136,2,10,2,8,38,12,.231,.289,.305,.594,*7H/89,LAD-PHI
707,Scott Hairston\hairssc01,0.5,2011,2014,31-34,359,804,743,96,176,42,4,38,115,43,2,187,7,1,10,17,11,3,.237,.281,.458,.739,*H7/98D4,NYM-WSN-CHC
708,Corky Miller\milleco01,0.5,2013,2013,37-37,17,41,35,2,9,5,0,0,8,5,0,6,1,0,0,1,0,0,.257,.366,.400,.766,/*2H,CIN
709,Mike Fontenot\fontemi01,0.5,2011,2012,31-32,132,357,317,35,78,17,3,5,26,32,5,71,2,2,4,5,5,2,.246,.315,.366,.681,/H465D,SFG-PHI
710,Kosuke Fukudome\fukudko01,0.5,2011,2012,34-35,170,654,571,61,146,28,3,8,39,69,4,119,4,6,4,8,4,7,.256,.338,.357,.695,*9/H87D,CHC-CLE-CHW
711,Jeremy Hermida\hermije01,0.5,2011,2012,27-28,43,93,82,7,17,3,2,2,11,10,1,33,1,0,0,0,1,0,.207,.301,.366,.667,/H97,SDP-CIN
712,Aaron Miles\milesaa01,0.5,2011,2011,34-34,136,490,454,49,125,17,3,3,45,25,1,49,3,3,5,11,4,3,.275,.314,.346,.660,/*45H6,LAD
713,Jim Adduci\adducji02,0.4,2013,2019,28-34,151,431,396,48,92,18,4,5,39,29,0,111,0,3,3,5,7,2,.232,.283,.336,.619,/3H97D,TEX-DET-CHC
714,Luis Arraez\arraelu01,0.4,2019,2019,22-22,10,30,24,6,9,2,0,1,3,5,0,1,0,0,1,0,1,0,.375,.467,.583,1.050,/*46DH5,MIN
715,Cavan Biggio\biggica01,0.4,2019,2019,24-24,15,57,45,9,8,0,0,3,5,12,0,15,0,0,0,0,2,0,.178,.351,.378,.729,/*439HD,TOR
716,Ty Blach\blachty01,0.4,2016,2019,25-28,90,92,78,6,13,2,0,1,7,6,0,37,0,7,1,2,0,0,.167,.224,.231,.454,/*1H,SFG
717,Zack Britton\brittza01,0.4,2011,2019,23-31,21,8,8,3,5,1,0,1,2,0,0,1,0,0,0,0,0,0,.625,.625,1.125,1.750,*1,BAL-NYY
718,Thairo Estrada\estrath01,0.4,2019,2019,23-23,25,54,50,10,14,3,0,3,11,3,0,14,0,1,0,1,2,0,.280,.321,.520,.841,/4H679D,NYY
719,Dustin Garneau\garnedu01,0.4,2015,2019,27-31,95,302,268,27,53,18,0,5,25,28,2,76,4,1,1,7,0,0,.198,.282,.321,.603,/*2H,COL-OAK-CHW-LAA
720,J.A. Happ\happja01,0.4,2011,2019,28-36,85,147,120,11,16,1,0,1,5,8,0,57,0,19,0,1,0,0,.133,.188,.167,.354,*1/H,HOU-TOR-PIT-SEA-NYY
721,Keston Hiura\hiurake01,0.4,2019,2019,22-22,17,69,64,8,18,1,0,5,9,3,0,23,2,0,0,0,1,0,.281,.333,.531,.865,/*4,MIL
722,Dawel Lugo\lugoda01,0.4,2018,2019,23-24,48,169,159,15,35,4,4,2,15,8,0,32,1,0,1,4,0,0,.220,.260,.333,.594,/*45HD,DET
723,Luis Perdomo\perdolu02,0.4,2016,2019,23-26,80,106,93,4,13,2,4,0,5,2,0,38,1,9,1,1,0,0,.140,.165,.247,.412,/*1H,SDP
724,Chris Rusin\rusinch01,0.4,2012,2019,25-32,178,131,122,9,24,0,2,1,9,0,0,26,0,9,0,0,0,0,.197,.197,.254,.451,*1/H,CHC-COL
725,Craig Stammen\stammcr01,0.4,2011,2019,27-35,317,32,26,3,6,2,0,0,0,3,0,12,0,3,0,1,0,0,.231,.310,.308,.618,*1,WSN-SDP
726,Christin Stewart\stewach02,0.4,2018,2019,24-25,64,266,229,23,57,14,2,7,32,31,2,58,2,0,4,2,0,1,.249,.338,.419,.758,/*7DH,DET
727,Myles Straw\strawmy01,0.4,2018,2019,23-24,19,38,33,11,9,0,1,1,2,5,0,6,0,0,0,1,5,1,.273,.368,.424,.793,/9H867,HOU
728,Zack Wheeler\wheelza01,0.4,2013,2019,23-29,105,217,193,11,30,7,0,1,12,3,0,80,0,20,1,1,0,0,.155,.168,.207,.375,*1/H,NYM
729,Patrick Wisdom\wisdopa01,0.4,2018,2019,26-27,41,86,76,12,17,2,0,4,11,7,0,34,2,1,0,1,2,1,.224,.306,.408,.714,/H53,STL-TEX
730,Austin Wynns\wynnsau01,0.4,2018,2019,27-28,57,165,153,19,38,3,0,4,14,8,0,32,0,4,0,8,0,0,.248,.286,.346,.632,/*2HD,BAL
731,Kolby Allard\allarko01,0.4,2018,2018,20-20,3,3,1,1,1,0,0,0,0,0,0,0,0,2,0,0,0,0,1.000,1.000,1.000,2.000,/*1,ATL
732,Tony Cingrani\cingrto01,0.4,2012,2018,22-28,206,61,52,6,10,1,0,0,2,1,0,16,0,8,0,0,1,0,.192,.208,.212,.419,*1/H,CIN-LAD
733,Matt Davidson\davidma02,0.4,2013,2018,22-27,273,1028,926,103,209,45,1,49,143,81,1,355,13,0,8,21,0,2,.226,.295,.435,.730,D/53H1,ARI-CHW
734,Bruce Maxwell\maxwebr01,0.4,2016,2018,25-27,127,412,366,34,88,22,1,5,42,41,0,100,0,1,4,15,0,0,.240,.314,.347,.661,*2/HD,OAK
735,Reese McGuire\mcguire01,0.4,2018,2018,23-23,14,33,31,5,9,3,0,2,4,2,0,9,0,0,0,0,1,0,.290,.333,.581,.914,/*2H,TOR
736,Andrew Susac\susacan01,0.4,2014,2018,24-28,113,300,276,31,61,17,2,7,35,23,0,94,1,0,0,2,0,0,.221,.283,.373,.657,/*2H,SFG-MIL-BAL
737,Taijuan Walker\walketa01,0.4,2013,2018,20-25,32,68,65,6,13,2,0,1,6,1,0,25,0,2,0,2,0,0,.200,.212,.277,.489,/*1,SEA-ARI
738,Matt Cain\cainma01,0.4,2011,2017,26-32,167,338,294,14,38,6,0,3,22,9,0,144,1,32,2,1,0,0,.129,.157,.180,.337,*1/H,SFG
739,Darrell Ceciliani\cecilda01,0.4,2015,2017,25-27,55,109,100,9,19,5,0,2,7,5,0,39,3,0,0,0,5,1,.190,.250,.300,.550,/7H89D,NYM-TOR
740,Taylor Jungmann\jungmta01,0.4,2015,2017,25-27,30,52,45,3,11,2,0,0,0,1,0,16,0,6,0,0,0,0,.244,.261,.289,.550,/*1,MIL
741,Mat Latos\latosma01,0.4,2011,2017,23-29,136,295,254,12,36,4,0,3,12,6,0,110,2,32,1,4,0,0,.142,.167,.193,.360,*1,SDP-CIN-MIA-LAD-LAA-WSN-CHW-TOR
742,Ricky Nolasco\nolasri01,0.4,2011,2017,28-34,99,222,175,12,20,7,0,0,10,17,0,81,1,29,0,3,0,0,.114,.197,.154,.351,*1,FLA-MIA-LAD-MIN-LAA
743,Alex Presley\preslal01,0.4,2011,2017,25-31,431,1478,1378,155,363,49,19,29,111,80,2,274,6,9,4,19,29,17,.263,.306,.390,.696,7/98HD,PIT-MIN-HOU-MIL-DET
744,Dae-ho Lee\leeda02,0.4,2016,2016,34-34,104,317,292,33,74,9,0,14,49,20,2,74,5,0,0,8,0,0,.253,.312,.428,.740,/*3HD,SEA
745,Carlos Corporan\corpoca01,0.4,2011,2015,27-31,231,779,700,62,152,25,1,20,78,44,5,205,19,8,8,14,0,1,.217,.279,.341,.620,*2/HD3,HOU-TEX
746,Dan Haren\harenda01,0.4,2011,2015,30-34,93,191,157,8,25,5,0,0,13,9,0,56,1,23,1,3,0,0,.159,.208,.191,.399,*1/H,LAA-WSN-LAD-MIA-CHC
747,Slade Heathcott\heathsl01,0.4,2015,2015,24-24,17,30,25,6,10,2,0,2,8,2,0,5,0,0,1,0,0,1,.400,.429,.720,1.149,/*98H,NYY
748,Garrett Jones\jonesga02,0.4,2011,2015,30-34,640,2132,1941,231,480,121,9,78,265,166,8,461,5,0,19,31,10,4,.247,.305,.439,.745,*39H/D71,PIT-MIA-NYY
749,Jason Marquis\marquja01,0.4,2011,2015,32-36,71,145,136,8,25,6,0,0,7,0,0,42,1,8,0,1,0,0,.184,.190,.228,.418,/*1H,WSN-ARI-SDP-MIN-CIN
750,Juan Perez\perezju02,0.4,2013,2015,26-28,117,246,228,26,51,15,0,2,13,12,0,52,2,3,1,7,3,1,.224,.267,.316,.583,/*78H94,SFG
751,Corey Brown\brownco01,0.4,2011,2014,25-28,39,46,41,6,7,3,0,2,4,4,0,16,0,1,0,1,1,0,.171,.244,.390,.635,/*H798D,WSN-BOS
752,Juan Francisco\francju02,0.4,2011,2014,24-27,354,1007,920,103,211,46,4,46,138,74,6,348,7,0,6,15,2,5,.229,.290,.438,.728,*5H/3D,CIN-ATL-MIL-TOR
753,Jason Bay\bayja01,0.4,2011,2013,32-34,261,960,844,110,183,27,1,31,97,101,4,229,4,2,9,17,19,3,.217,.301,.361,.662,*7/9HD8,NYM-SEA
754,Jeff Keppinger\keppije01,0.4,2011,2013,31-33,331,1269,1187,123,337,48,2,19,115,56,1,96,6,5,13,39,1,2,.284,.316,.376,.692,4/53DH,SFG-HOU-TBR-CHW
755,Travis Buck\bucktr01,0.4,2011,2012,27-28,83,241,223,25,50,16,1,2,24,14,0,48,3,0,1,5,1,1,.224,.278,.332,.610,/79HD8,CLE-HOU
756,Luke Hughes\hughelu01,0.4,2011,2012,26-27,104,341,310,31,67,12,0,7,32,24,0,89,3,2,2,2,4,2,.216,.277,.323,.600,/43H5D,MIN-OAK
757,Jack Wilson\wilsoja02,0.4,2011,2012,33-34,119,309,285,29,64,10,1,0,15,12,1,51,0,9,3,3,5,2,.225,.253,.267,.520,/64H5,ATL-SEA
758,Esteban German\germaes01,0.4,2011,2011,33-33,11,13,11,6,5,1,0,1,4,1,0,1,0,0,1,0,1,0,.455,.462,.818,1.280,/*H54D,TEX
759,Ivan Rodriguez\rodriiv01,0.4,2011,2011,39-39,44,137,124,14,27,7,0,2,19,10,2,28,1,2,0,6,0,0,.218,.281,.323,.604,/*2H3,WSN
760,Yordan Alvarez\alvaryo01,0.3,2019,2019,22-22,3,14,9,4,2,0,0,2,4,5,0,4,0,0,0,0,0,0,.222,.500,.889,1.389,/*D,HOU
761,Aramis Garcia\garciar01,0.3,2018,2019,25-26,25,82,79,11,21,1,0,6,12,3,0,39,0,0,0,2,0,0,.266,.293,.506,.799,/23H,SFG
762,Tyler Glasnow\glasnty01,0.3,2016,2019,22-25,69,35,29,1,6,0,0,0,3,4,0,15,1,1,0,0,0,0,.207,.324,.207,.530,/*1H,PIT-TBR
763,Ben Lively\livelbe01,0.3,2017,2019,25-27,21,33,33,2,6,0,0,2,8,0,0,11,0,0,0,0,0,0,.182,.182,.364,.545,/*1H,PHI-KCR
764,Steven Matz\matzst01,0.3,2015,2019,24-28,88,158,138,5,21,3,1,2,12,7,0,40,0,12,1,4,0,0,.152,.192,.232,.424,/*1H,NYM
765,Wade Miley\mileywa01,0.3,2011,2019,24-32,140,275,239,12,37,5,0,1,12,9,0,66,0,27,0,4,0,0,.155,.185,.188,.374,*1/H,ARI-BOS-SEA-BAL-MIL-HOU
766,Max Moroff\morofma01,0.3,2016,2019,23-26,104,244,213,29,39,6,1,7,34,25,1,85,3,2,1,0,1,1,.183,.277,.319,.596,/*46H5,PIT-CLE
767,Jacob Nottingham\nottija01,0.3,2018,2019,23-24,15,29,25,3,6,1,0,1,4,4,0,10,0,0,0,0,0,0,.240,.345,.400,.745,/*2H3,MIL
768,Tanner Roark\roarkta01,0.3,2013,2019,26-32,183,337,295,11,44,7,1,1,14,8,0,108,1,33,0,3,0,0,.149,.174,.190,.364,*1,WSN-CIN
769,Anthony Santander\santaan02,0.3,2017,2019,22-24,53,169,157,14,38,10,1,2,12,9,0,33,2,0,1,1,1,0,.242,.290,.357,.647,/*97HD,BAL
770,Nick Senzel\senzeni01,0.3,2019,2019,24-24,35,164,148,23,40,11,2,5,15,14,0,38,0,0,1,2,5,3,.270,.331,.473,.804,/*8H,CIN
771,Pedro Severino\severpe01,0.3,2015,2019,21-25,143,415,366,33,78,18,0,12,40,39,5,87,7,1,2,3,1,0,.213,.300,.361,.660,*2/HD,WSN-BAL
772,Will Smith\smithwi05,0.3,2019,2019,24-24,6,23,21,3,6,1,0,2,3,2,1,6,0,0,0,1,1,0,.286,.348,.619,.967,/*2,LAD
773,Jacob Stallings\stallja01,0.3,2016,2019,26-29,37,105,97,8,26,3,0,0,10,7,2,23,0,0,1,2,1,0,.268,.314,.299,.613,/*2H,PIT
774,Marcus Stroman\stromma01,0.3,2014,2019,23-28,15,18,17,5,3,1,0,1,1,0,0,7,0,1,0,0,0,0,.176,.176,.412,.588,*1/HD,TOR
775,Lane Thomas\thomala02,0.3,2019,2019,23-23,9,11,10,1,4,0,0,1,4,1,0,1,0,0,0,0,1,0,.400,.455,.700,1.155,/*8H9,STL
776,Josh Tomlin\tomlijo01,0.3,2011,2019,26-34,35,21,20,2,7,1,0,0,1,0,0,8,0,1,0,0,0,0,.350,.350,.400,.750,*1/HD,CLE-ATL
777,Richard Urena\urenari01,0.3,2017,2019,21-23,77,226,207,18,53,11,0,2,10,14,0,73,0,5,0,3,3,1,.256,.303,.338,.641,/*64H57,TOR
778,Alex Blandino\blandal01,0.3,2018,2018,25-25,69,147,128,14,30,4,0,1,8,13,1,41,4,2,0,4,0,0,.234,.324,.289,.613,/H4563791,CIN
779,Jose Miguel Fernandez\fernajo03,0.3,2018,2018,30-30,36,123,116,9,31,8,0,2,11,6,0,15,1,0,0,2,1,0,.267,.309,.388,.697,/*3HD54,LAA
780,Johnny Field\fieldjo04,0.3,2018,2018,26-26,83,233,221,28,49,13,0,9,21,7,0,72,3,1,1,3,4,0,.222,.254,.403,.657,/798HD1,TBR-MIN
781,Juan Graterol\grateju01,0.3,2016,2018,27-29,61,111,106,9,23,6,0,0,13,2,0,16,0,1,2,4,0,0,.217,.227,.274,.501,/*2H,LAA-MIN
782,Austin Slater\slateau01,0.3,2017,2018,24-25,108,352,316,36,83,9,2,4,39,28,2,98,7,0,1,8,7,0,.263,.335,.342,.677,/*7H3985,SFG
783,Jake Smolinski\smolija01,0.3,2014,2018,25-29,234,673,608,67,143,20,5,16,67,43,0,123,15,1,6,19,3,3,.235,.299,.363,.663,/789HD1,TEX-OAK
784,Dusty Coleman\colemdu01,0.3,2015,2017,28-30,31,76,71,6,15,3,0,4,9,2,0,36,2,0,1,1,1,0,.211,.250,.423,.673,/*6H5,KCR-SDP
785,Taylor Featherston\feathta01,0.3,2015,2017,25-27,137,244,219,31,35,7,1,4,16,14,0,72,4,4,3,4,7,2,.160,.221,.256,.477,/4H563D,LAA-PHI-TBR
786,Zack Granite\graniza01,0.3,2017,2017,24-24,40,107,93,14,22,2,0,1,13,12,0,9,0,1,1,6,2,2,.237,.321,.290,.611,/*8H79D,MIN
787,Kyle Kendrick\kendrky01,0.3,2011,2017,26-32,158,264,226,12,34,6,1,1,5,10,0,96,1,27,0,4,0,0,.150,.190,.199,.389,*1/H,PHI-COL-BOS
788,Chris Young\youngch03,0.3,2011,2017,32-38,32,53,46,1,9,2,0,0,7,1,0,16,0,6,0,0,0,0,.196,.213,.239,.452,*1,NYM-SEA-KCR
789,Jason Rogers\rogerja02,0.3,2014,2016,26-28,117,212,186,24,48,7,3,4,18,23,0,44,3,0,0,3,0,0,.258,.349,.392,.742,/*H357D,MIL-PIT
790,Ryan Vogelsong\vogelry01,0.3,2011,2016,33-38,161,297,252,21,32,5,0,1,9,12,0,109,4,29,0,3,0,0,.127,.179,.159,.338,*1/H,SFG-PIT
791,Domonic Brown\browndo01,0.3,2011,2015,23-27,458,1678,1529,180,378,70,9,52,216,133,12,293,5,0,11,24,21,6,.247,.308,.407,.714,*79/HD,PHI
792,Shaun Marcum\marcush01,0.3,2011,2015,29-33,66,147,119,5,16,4,0,1,7,7,0,40,2,19,0,0,0,0,.134,.195,.193,.389,/*1H,MIL-NYM-CLE
793,Tyler Matzek\matzety01,0.3,2014,2015,23-24,26,52,46,5,10,2,0,0,0,2,0,14,0,4,0,1,0,0,.217,.250,.261,.511,/*1H,COL
794,C.J. Wilson\wilsocj01,0.3,2011,2015,30-34,12,31,25,3,4,0,1,0,0,3,0,9,0,3,0,0,0,0,.160,.250,.240,.490,*1/H,TEX-LAA
795,Irving Falu\faluir01,0.3,2012,2014,29-31,47,130,119,14,33,6,1,0,8,8,1,14,0,2,1,4,1,2,.277,.320,.345,.665,/*45H6,KCR-SDP-MIL
796,Brandon Hicks\hicksbr01,0.3,2011,2014,25-28,110,334,289,36,45,11,1,11,30,39,3,117,2,3,1,6,1,1,.156,.260,.315,.575,/*4H6537,ATL-OAK-SFG
797,Kevin Kouzmanoff\kouzmke01,0.3,2011,2014,29-32,86,308,281,32,72,17,0,9,43,14,2,53,8,0,5,6,2,0,.256,.305,.413,.718,/*5H,COL-OAK-TEX
798,Antoan Richardson\richaan01,0.3,2011,2014,27-30,22,21,20,4,7,0,0,0,1,1,0,3,0,0,0,0,6,0,.350,.381,.350,.731,/*H98D,ATL-NYY
799,Kensuke Tanaka\tanakke01,0.3,2013,2013,32-32,15,34,30,4,8,0,0,0,2,4,0,3,0,0,0,0,2,0,.267,.353,.267,.620,/*7H,SFG
800,Jake Westbrook\westbja01,0.3,2011,2013,33-35,81,160,130,9,17,5,0,1,12,11,0,59,0,19,0,2,2,0,.131,.199,.192,.391,/*1H,STL